time: 4.480000value at (10,10): 0.736635
y_d1_: 0.578878
y_d2_: 0.578878
y_d12_: 0.578878
x_d1_: 0.500000
x_d2_: 0.657756
x_d12_: 0.657756
x0_e: 0.657756
